structure 5,30,5
learning_rate 0.05
target_total_error 0.2
0,0,0,0,0 0,0,0,0,1
0,0,0,0,1 0,0,0,1,0
0,0,0,1,0 0,0,0,1,1
0,0,0,1,1 0,0,1,0,0
0,0,1,0,0 0,0,1,0,1
0,0,1,0,1 0,0,1,1,0
0,0,1,1,0 0,0,1,1,1
0,0,1,1,1 0,1,0,0,0
0,1,0,0,0 0,1,0,0,1
0,1,0,0,1 0,1,0,1,0
0,1,0,1,0 0,1,0,1,1
0,1,0,1,1 0,1,1,0,0
0,1,1,0,0 0,1,1,0,1
0,1,1,0,1 0,1,1,1,0
0,1,1,1,0 0,1,1,1,1
0,1,1,1,1 1,0,0,0,0
1,0,0,0,0 1,0,0,0,1
1,0,0,0,1 1,0,0,1,0
1,0,0,1,0 1,0,0,1,1
1,0,0,1,1 1,0,1,0,0
1,0,1,0,0 1,0,1,0,1
1,0,1,0,1 1,0,1,1,0
1,0,1,1,0 1,0,1,1,1
1,0,1,1,1 1,1,0,0,0
1,1,0,0,0 1,1,0,0,1
1,1,0,0,1 1,1,0,1,0
1,1,0,1,0 1,1,0,1,1
1,1,0,1,1 1,1,1,0,0
1,1,1,0,0 1,1,1,0,1
1,1,1,0,1 1,1,1,1,0
1,1,1,1,0 1,1,1,1,1
