structure 8,20,3
learning_rate 0.25
target_total_error 0.04
0,0,0,1,0,0,0,1 0,0,1
0,0,0,1,0,0,1,1 0,0,1
0,0,0,1,0,1,0,0 0,0,1
0,0,0,1,0,1,0,1 0,0,1
0,0,1,0,0,0,0,1 0,0,1
0,0,1,0,0,0,1,0 0,0,1
0,0,1,0,0,0,1,1 0,0,1
0,0,1,0,0,1,0,0 0,0,1
0,0,1,1,0,0,0,1 0,0,1
0,0,1,1,0,0,1,0 0,0,1
0,0,1,1,0,1,0,0 0,0,1
0,1,0,0,0,0,0,1 0,0,1
0,1,0,0,0,0,1,0 0,0,1
0,1,0,0,0,0,1,1 0,0,1
0,1,0,0,0,1,0,0 0,0,1
0,0,0,1,1,0,1,1 0,1,0
0,0,1,0,0,1,1,1 0,1,0
0,0,1,0,1,0,0,1 0,1,0
0,0,1,0,1,0,1,1 0,1,0
0,0,1,0,1,1,0,0 0,1,0
0,0,1,1,0,1,1,0 0,1,0
0,0,1,1,1,0,0,0 0,1,0
0,0,1,1,1,0,1,0 0,1,0
0,0,1,1,1,0,1,1 0,1,0
0,0,1,1,1,0,1,0 0,1,0
0,1,0,0,0,1,1,1 0,1,0
0,1,0,0,0,1,0,1 0,1,0
0,1,0,0,1,0,1,1 0,1,0
0,1,0,1,0,1,1,0 0,1,0
0,1,0,1,1,0,0,0 0,1,0
0,1,1,0,0,0,1,0 0,1,1
0,1,1,0,0,1,0,0 0,1,1
0,1,1,0,1,0,1,0 0,1,1
0,1,1,0,1,1,0,0 0,1,1
0,1,1,1,0,1,0,1 0,1,1
0,1,1,1,0,1,1,0 0,1,1
0,1,1,1,1,0,0,0 0,1,1
0,1,1,1,1,0,1,0 0,1,1
0,1,1,1,1,0,1,1 0,1,1
0,1,1,1,1,1,0,0 0,1,1
1,0,0,0,0,1,1,1 0,1,1
1,0,0,0,1,0,0,1 0,1,1
1,0,0,0,1,0,1,1 0,1,1
1,0,0,1,1,0,0,1 0,1,1
1,0,0,1,1,0,1,0 0,1,1
1,0,0,0,0,0,1,1 1,0,0
1,0,0,1,0,0,1,0 1,0,0
1,0,0,1,0,1,0,0 1,0,0
1,0,1,0,0,0,1,1 1,0,0
1,0,1,0,0,1,0,1 1,0,0
1,0,1,0,0,1,1,1 1,0,0
1,0,1,0,1,0,1,1 1,0,0
1,0,1,1,0,0,1,0 1,0,0
1,0,1,1,0,1,0,0 1,0,0
1,0,1,1,0,1,1,0 1,0,0
1,0,1,1,1,0,0,0 1,0,0
1,0,1,1,1,0,1,0 1,0,0
1,0,1,1,1,1,0,0 1,0,0
1,1,0,0,0,1,1,1 1,0,0
1,1,0,0,1,0,0,1 1,0,0
